0 2.3 99 99 1.2 99 99 99 99 99 99
2.3 0 5.0 99 99 99 99 99 99 99 99
99 5.0 0 7.1 99 99 99 99 99 99 99
99 99 7.1 0 4.6 1.4 99 5.2 99 99 99
1.2 99 99 4.6 0 99 99 99 99 99 99
99 99 99 1.4 99 0 2.4 4.7 99 99 99
99 99 99 99 99 2.4 0 99 7.5 5.3 1.3
99 99 99 5.2 99 4.7 99 0 3.4 99 99
99 99 99 99 99 99 7.5 3.4 0 99 99
99 99 99 99 99 99 5.3 99 99 0 3.3
99 99 99 99 99 99 1.3 99 99 3.3 0